version: 1
creator: callgrind-3.11.0
pid: 136
cmd:  ./1
part: 1


desc: I1 cache: 
desc: D1 cache: 
desc: LL cache: 

desc: Timerange: Basic block 0 - 52548
desc: Trigger: Program termination

positions: line
events: Ir
summary: 249850


ob=(4) /usr/lib/valgrind/vgpreload_core-amd64-linux.so
fl=(55) ???
fn=(414) 0x0000000000000610
0 8
cob=(2) ???
cfi=(16) ???
cfn=(420) 0x0000000004a28570
calls=1 0 
0 57
0 1
cfn=(428) 0x0000000000000580
calls=1 0 
0 9
0 3

fn=(428)
0 9

fn=(220) 0x0000000000000650
0 17

ob=(3) /lib/x86_64-linux-gnu/libc-2.23.so
fl=(53) ???
fn=(198) memcpy@GLIBC_2.2.5
0 11

fl=(84) /build/glibc-Cl5G7W/glibc-2.23/time/../sysdeps/unix/syscall-template.S
fn=(332) setitimer
84 8
+2 10

fl=(47) /build/glibc-Cl5G7W/glibc-2.23/time/../sysdeps/unix/sysv/linux/x86/time.c
fn=(180) time
38 1
-1 1
+1 6
fi=(48) /build/glibc-Cl5G7W/glibc-2.23/time/../sysdeps/generic/dl-hash.h
+10 3
+14 4
-17 3
+3 9
+14 12
-17 9
fe=(47)
-7 3
+3 2
-3 1
+3 1
cfi=(49) /build/glibc-Cl5G7W/glibc-2.23/elf/../sysdeps/unix/sysv/linux/dl-vdso.c
cfn=(184) _dl_vdso_vsym
calls=1 -14 
* 6
+1 3
+1 2

fl=(69) /build/glibc-Cl5G7W/glibc-2.23/stdlib/cxa_atexit.c
fn=(270) __new_exitfn
73 4
+6 2
-6 2
+6 2
-6 2
+6 8
+2 12
+2 6
+1 5
-3 1
+10 2
-10 2
+2 2
+11 2
+25 1
+1 1
-1 1
+1 1
-1 1
+7 1
+1 1
+3 2
-4 1
+1 1
+3 6
+3 10
-21 1
+1 2

fn=(268) __cxa_atexit
57 10
-22 2
+22 2
-22 2
cfn=(270)
calls=2 +38 
* 82
+2 4
+4 2
+3 2
+1 2
-4 4
+2 2
+4 2
+1 2
+11 8

fl=(74) /build/glibc-Cl5G7W/glibc-2.23/elf/dl-addr.c
fn=(300) _dl_addr
126 9
+5 1
-5 2
+5 2
cob=(1) /lib/x86_64-linux-gnu/ld-2.23.so
cfi=(2) /build/glibc-Cl5G7W/glibc-2.23/elf/rtld.c
cfn=(50) rtld_lock_default_lock_recursive
calls=1 704 
* 2
+2 2
cob=(1)
cfi=(66) /build/glibc-Cl5G7W/glibc-2.23/elf/../sysdeps/x86_64/dl-trampoline.h
cfn=(261) _dl_runtime_resolve_avx'2
calls=1 -69 
* 1190
* 5
+2 2
30 1
+1 1
-1 1
+1 1
+3 2
+5 1
+6 1
-7 1
+2 2
+2 1
-2 1
+2 1
+3 1
+5 8
+2 1
+1 2
-1 1010
+1 2020
+2 3628
+9 2010
+7 24
-2 24
+2 2259
-2 2211
+2 5750
-10 11175
+2 8940
+1 14318
+7 1011
-21 2022
+49 3
+1 1
+1 3
+3 2
+37 2
cob=(1)
cfi=(2)
cfn=(52) rtld_lock_default_unlock_recursive
calls=1 710 
* 2
+3 9
-28 1
+1 1
+21 2

fl=(62) /build/glibc-Cl5G7W/glibc-2.23/string/../sysdeps/x86_64/cacheinfo.c
fn=(240) init_cacheinfo
482 2
+12 1
-12 3
+12 3
+2 4
cfn=(242) handle_intel
calls=1 262 
* 455
+4 2
-4 1
+4 1
cfn=(242)
calls=1 262 
* 547
+2 1
-2 1
-1 1
+3 1
+9 2
+2 1
+1 1
+2 1
+5 2
+9 4
-9 4
+9 16
-9 12
+6 8
+69 4
+1 5
+55 2
+2 1
+1 1
+2 1
-3 1
+5 1
-5 1
+4 3
+4 2
+2 1
+1 1
+2 1
-3 1
+5 1
-5 1
+4 2
+3 1
-3 1
+3 5
532 1
+32 1
-26 6
+7 5
+2 1
+1 1
+1 2
-4 4
+2 1
+1 1
+1 6
+2 2
-6 2
+6 2
+5 1
+2 2
+1 1
-1 1
+1 3
+6 1
-1 1
+1 5

fn=(244) intel_check_word
133 8
+6 4
-7 20
+7 16
-7 4
+7 4
+2 4
-2 4
+2 4
+68 8
+3 24
-69 4
+2 8
-2 6
+2 12
+8 20
+51 16
+22 8
fi=(63) /build/glibc-Cl5G7W/glibc-2.23/string/../bits/stdlib-bsearch.h
27 8
+1 16
+3 16
+1 8
fe=(62)
+89 16
fi=(63)
-90 12
+1 6
fe=(62)
+89 12
+3 54
fi=(63)
-95 44
+2 44
-2 44
+2 80
+1 40
fe=(62)
+89 80
251 8
141 16
-6 2
256 24
fi=(63)
37 10
-8 24
fe=(62)
165 6
+3 6
+4 4
+2 4
+1 14
+2 7
-12 2
+12 2
+1 10
+1 10
+1 6
+17 3
-32 9
+3 9
+4 6
+2 6
+1 12
+2 12
+5 2
+2 4
+2 32

fn=(242)
262 4
-1 4
+17 2
-17 12
+14 2
+1 4
-3 6
+23 8
cfn=(244)
calls=2 133 
* 666
+1 4
+3 10
cfn=(244)
calls=2 133 
* 238
+1 4
-17 4
+5 2
-5 6
+5 2
+2 2
+1 2
-1 4
+27 16

fl=(52) /build/glibc-Cl5G7W/glibc-2.23/time/../sysdeps/unix/sysv/linux/x86/gettimeofday.c
fn=(194) gettimeofday
37 1
-1 1
+1 6
fi=(48)
+11 3
+14 4
-17 3
+3 9
+14 12
-17 9
fe=(52)
-8 3
+3 2
-3 1
+3 1
cfi=(49)
cfn=(184)
calls=1 -13 
* 6
+1 3
+1 2

fl=(59) /build/glibc-Cl5G7W/glibc-2.23/misc/init-misc.c
fn=(234) __init_misc
31 2
-1 3
+1 4
+2 3
cfi=(60) /build/glibc-Cl5G7W/glibc-2.23/string/../sysdeps/x86_64/strrchr.S
cfn=(236) rindex
calls=1 -9 
* 24
+4 5
+1 3
+2 4

fl=(49)
fn=(184)
27 8
+4 8
-3 8

fl=(93) /build/glibc-Cl5G7W/glibc-2.23/string/../sysdeps/x86_64/strlen.S
fn=(396) strlen
66 1
+1 1
+1 1
+1 1
+1 1
+1 1
+1 1
+2 1
+2 1
+30 1
+1 1
+1 1
+1 1
+1 1
+1 1
+1 1

fl=(97) /build/glibc-Cl5G7W/glibc-2.23/libio/genops.c
fn=(436) _IO_cleanup
948 2
+3 1
-3 2
-50 1
+50 1
+3 1
cfn=(438) _IO_flush_all_lockp
calls=1 760 
* 90
-63 1
+63 1
-63 2
+40 3
-40 9
+2 6
+2 6
+71 7

fn=(438)
760 8
+6 3
+11 2
+16 2
-17 2
-1 2
+1 3
-1 1
+1 1
+3 9
+10 6
+4 3
-2 3
+2 6
+7 3
-27 6
+31 2
+2 2
+4 9
-38 1
-6 1
+5 1
+2 2
+6 12

fl=(70) /build/glibc-Cl5G7W/glibc-2.23/gmon/gmon.c
fn=(284) monstartup
101 2
+9 1
-9 2
+10 1
+13 1
-14 1
+1 1
-10 1
+9 1
+2 1
-1 1
+3 1
-2 1
+9 1
+3 1
-11 1
-1 1
+1 1
+11 1
-11 1
+10 1
+1 2
-11 2
+11 1
+1 2
+1 2
+5 2
-2 1
+2 2
cob=(1)
cfi=(66)
cfn=(261)
calls=1 -67 
* 59781
* 5
+1 2
+15 1
-7 1
-1 1
+9 1
-7 1
+2 1
+5 1
-3 1
-2 1
+23 1
-18 1
+3 11
+18 1
-1 1
+1 4
-1 1
cfn=(322) moncontrol
calls=1 -88 
* 196

fn=(322)
80 4
-4 2
+7 4
+9 5
cfi=(80) /build/glibc-Cl5G7W/glibc-2.23/gmon/../sysdeps/posix/profil.c
cfn=(324) profil
calls=1 -28 
* 33
+1 1
+2 4
-9 5
cfi=(80)
cfn=(324)
calls=1 -22 
* 182
+1 2

fn=(390) _mcleanup
418 1
+1 2
cfn=(322)
calls=1 80 
* 46
+2 2
+1 1
cfn=(392) write_gmon
calls=1 -87 
* 881
+3 1
+1 1
-1 1
cob=(2)
cfi=(16)
cfn=(398) 0x0000000004c498a8
calls=1 0 
* 162

fn=(392)
335 1
+8 1
-8 7
+8 1
cfi=(92) /build/glibc-Cl5G7W/glibc-2.23/stdlib/getenv.c
cfn=(394) getenv
calls=1 34 
* 182
+1 2
+10 7
+2 1
-2 1
+2 1
+23 2
+1 1
+1 2
+1 6
179 1
-2 1
+13 2
-11 2
+11 3
+22 1
+2 1
-24 5
+24 1
-2 1
+3 1
cfi=(83) /build/glibc-Cl5G7W/glibc-2.23/gmon/../sysdeps/unix/sysv/linux/prof-freq.c
cfn=(330) __profile_frequency
calls=1 27 
* 3
+1 1
+3 2
-4 1
+1 4
+3 1
-3 1
+3 1
-2 1
+2 4
+10 3
+14 1
-3 2
+1 1
+3 2
-6 2
+5 31
-3 62
+1 31
+3 62
-6 62
+10 1
+1 2
+27 1
-28 1
+1 1
-1 1
+1 2
+2 174
+8 1
-2 2
+13 1
-1 1
+1 4
+1 2
+1 3
+2 2
-2 6
+2 1
-25 126
+32 2
+1 6
+30 1
-17 1
+20 1
-24 1
+4 1
+25 1
-25 2
+17 1
-7 1
+1 1
-1 1
+1 1
-1 1
+1 1
-1 1
+1 1
+6 1
+81 3
+1 8

fl=(90) /build/glibc-Cl5G7W/glibc-2.23/stdlib/exit.c
fn=(384) exit
104 1
-1 1
+1 2
cfn=(386) __run_exit_handlers
calls=1 -69 
* 1898

fn=(386)
35 8
+5 1
cfi=(91) /build/glibc-Cl5G7W/glibc-2.23/stdlib/cxa_thread_atexit_impl.c
cfn=(388) __call_tls_dtors
calls=1 145 
* 11
* 1
+6 11
+4 9
+3 2
-1 2
+2 10
+33 1
+1 1
-1 1
+1 1
+6 2
+1 5
cfi=(97)
cfn=(436)
calls=1 948 
* 133
* 3
+2 2
cfi=(98) /build/glibc-Cl5G7W/glibc-2.23/posix/../sysdeps/unix/sysv/linux/_exit.c
cfn=(440) _Exit
calls=1 -70 
* 5
-19 2
+4 2
-4 2
+2 2
+2 2
-2 4
+2 2
cob=(1)
cfi=(94) /build/glibc-Cl5G7W/glibc-2.23/elf/dl-fini.c
cfn=(400) _dl_fini
calls=1 +48 
* 573
cfi=(70)
cfn=(390)
calls=1 418 
* 1098
+1 2

fl=(51) /build/glibc-Cl5G7W/glibc-2.23/string/../sysdeps/x86_64/multiarch/strspn.S
fn=(192) strspn
30 1
+1 1
+1 1
+1 1
+1 1
+1 1

fl=(85) /build/glibc-Cl5G7W/glibc-2.23/setjmp/../sysdeps/x86_64/bsd-_setjmp.S
fn=(350) _setjmp
30 1
+2 1
cfi=(86) /build/glibc-Cl5G7W/glibc-2.23/setjmp/../sysdeps/x86_64/setjmp.S
cfn=(352) __sigsetjmp
calls=1 -6 
* 28

fl=(91)
fn=(388)
145 3
+1 4
+18 4

fl=(95) /build/glibc-Cl5G7W/glibc-2.23/stdlib/cxa_finalize.c
fn=(422) __cxa_finalize
31 4
+17 1
-17 4
+4 4
+4 6
-4 3
+32 4
+4 6
-4 3
+12 2
+3 1
-2 1
+2 6
-2 1
cfi=(96) /build/glibc-Cl5G7W/glibc-2.23/nptl/unregister-atfork.c
cfn=(424) __unregister_atfork
calls=1 -52 
* 10

fl=(86)
fn=(352)
26 1
+9 1
+1 2
+1 1
+4 1
+1 1
+1 1
+1 1
+1 1
+2 2
+2 1
+1 1
+1 1
+2 2
+2 1
+9 1
cfi=(87) /build/glibc-Cl5G7W/glibc-2.23/setjmp/sigjmp.c
cfn=(354) __sigjmp_save
calls=1 -36 
* 9

fl=(61) /build/glibc-Cl5G7W/glibc-2.23/ctype/ctype-info.c
fn=(238) __ctype_init
31 5
+2 1
+2 1
-4 1
+4 1
-4 1
+2 3
+2 3

fl=(80)
fn=(324)
64 10
+9 4
+13 6
+5 1
+15 1
+3 1
-2 2
-5 3
+7 14
-8 1
+1 1
+1 1
+1 1
+2 1
+3 1
cfi=(81) /build/glibc-Cl5G7W/glibc-2.23/signal/../nptl/sigaction.c
cfn=(326) sigaction
calls=1 -75 
* 105
* 2
+3 1
+1 1
cfi=(83)
cfn=(330)
calls=1 -86 
* 3
* 2
+2 1
-2 1
+2 1
-2 3
+1 3
+1 1
-1 1
+1 1
cfi=(84)
cfn=(332)
calls=1 -31 
* 9
+1 12
-38 1
-2 2
+4 4
cfi=(84)
cfn=(332)
calls=1 +4 
* 9
* 2
+1 2

fl=(68) /build/glibc-Cl5G7W/glibc-2.23/csu/../csu/libc-start.c
fn=(266) (below main)
134 7
+4 1
-4 3
+4 3
+82 1
-82 1
+82 1
+1 4
cfi=(69)
cfn=(268)
calls=1 57 
* 60
+22 4
+3 2
+1 5
cob=(5) /home/syfmark/workspace/csapp/5-Chapter/1
cfi=(65) ???
cfn=(272) __libc_csu_init
calls=1 0 
* 62074
+4 4
+15 2
+12 2
cfi=(85)
cfn=(350)
calls=1 30 
* 30
+1 2
+5 2
+1 2
+3 2
+3 6
cob=(5)
cfi=(65)
cfn=(356) main
calls=1 0 
* 94831
+34 2
cfi=(90)
cfn=(384)
calls=1 104 
* 1902
138 2

fl=(87)
fn=(354)
28 1
+1 1
-1 2
+1 2
+5 3

fl=(82) /build/glibc-Cl5G7W/glibc-2.23/signal/../sysdeps/unix/sysv/linux/x86_64/sigaction.c
fn=(328) __libc_sigaction
47 1
+4 1
-4 1
+4 1
+3 2
-1 1
+1 2
-1 1
+1 28
+1 1
-1 1
+1 1
+7 1
-7 2
+2 2
+5 11
+3 4
+3 1
-1 1
+1 2
-1 1
+1 28
+1 1
-1 1
+1 1
+1 2
+3 2

fl=(96)
fn=(424)
28 4
+8 1
+3 2
+82 3

fl=(79) /build/glibc-Cl5G7W/glibc-2.23/string/../sysdeps/x86_64/multiarch/../memset.S
fn=(320) __GI_memset
53 1
+1 1
+1 1
+1 1
+1 1
+2 1
+1 1
+17 1
+1 1
+1 1
+1 1
+1 1
+1 1
+1 1
+1 1
+1 1
+1 1
+1 1
+1 1
+1 1
+1 2
+3 1
+1 1
+1 1
+1 1
+1 1
+1 1
+1 1
-6 27
+1 27
+1 27
+1 27
+1 27
+1 27
+1 27
+1 1

fl=(72) /build/glibc-Cl5G7W/glibc-2.23/malloc/hooks.c
fn=(294) malloc_hook_ini
29 4
fi=(73) /build/glibc-Cl5G7W/glibc-2.23/malloc/arena.c
260 1
fe=(72)
30 1
fi=(73)
260 1
fe=(72)
30 1
fi=(73)
260 1
fi=(71) /build/glibc-Cl5G7W/glibc-2.23/malloc/malloc.c
2911 7
+2 3
cfn=(308) _int_malloc
calls=1 3349 
* 1034
+3 1
-3 1
+3 1
+8 4
+2 11
fe=(72)
33 4
fi=(71)
2911 6
+12 1
cfi=(73)
cfn=(298) ptmalloc_init.part.5
calls=1 258 
* 57848
* 1
-15 2
fe=(72)

fl=(71)
fn=(310) malloc_consolidate
4144 2
4996 4
1808 3
-3 2
+3 378
-3 252
+7 3
+5 1
+2 1
-2 2
-1 3

fn=(380) _int_free
3841 909
+13 101
-13 101
+13 202
+6 404
+1 202
+11 404
+13 202
4105 808
3960 202
+1 303
+15 202
+8 303
+6 202
+1 202
+1 202
1886 303
4001 202
+7 202
+65 202
+1 202
+3 303
3962 505
+8 101
-4 101
+4 303
-7 202
4093 303
+1 303
+1 505
-41 101
+1 303
+1 202
-80 505
4079 505
+2 404
cfn=(382) systrim.isra.2
calls=101 2759 
* 2828
* 101

fn=(308)
3349 303
-30 202
+30 101
-30 404
+30 303
-30 101
+30 303
+4 303
+14 202
+37 202
+2 300
+1 300
+2 100
-2 100
+2 200
+39 4
+1 2
+1 2
cfn=(310)
calls=1 4144 
* 651
3819 1414
-2 101
+2 101
-2 101
+2 202
5002 101
3817 101
+2 101
5004 101
3819 101
5004 101
3819 303
5004 202
3819 404
5002 202
3469 505
3833 909
3603 202
+73 202
+1 202
+1 202
+1 202
+1 202
+5 202
+4 303
+3 404
-3 303
+3 400
-3 200
+3 300
3792 101
+3 101
-2 202
+2 202
+17 2
3605 3
+3 1
-3 1
+3 3
3448 3
1879 4
3827 3
cfn=(312) sysmalloc
calls=1 2268 
* 249
+1 2
-28 100
-3 100
+1 100
+2 100
-1 100
+1 200
+2 100
-2 400
+2 100
+3 100
1879 300

fn=(312)
2268 8
+20 1
+11 1
-11 1
+11 1
+1 5
fi=(73)
488 3
fe=(71)
2315 5
+65 1
+1 3
+10 1
-9 1
+9 5
+6 4
+3 3
2723 2
+1 1
+8 4
+5 1
-3 1
+3 1
-2 1
+2 3
+1 1
-1 1
-1 1
+4 1
-3 2
+1 1
+8 9
2463 1
-8 4
+8 1
+21 5
cfi=(76) /build/glibc-Cl5G7W/glibc-2.23/malloc/morecore.c
cfn=(314) __default_morecore
calls=1 46 
* 62
* 1
+1 1
+3 4
+3 2
+1 2
+20 2
+26 2
+2 2
+6 1
-6 1
+6 1
2321 1
2464 1
+10 5
+8 1
-8 1
+8 1
+67 7
+37 2
+6 3
+19 1
+3 2
+1 5
+2 1
-2 1
+2 1
+1 3
cfi=(76)
cfn=(314)
calls=1 46 
* 25
+12 2
+8 1
+1 1
-1 2
+1 2
+39 1
+1 1
-2 1
+1 3
+12 1
-12 1
+1 1
+11 1
2539 5

fn=(378) free
2934 505
+5 202
+1 202
+6 202
+5 101
-2 101
+2 202
+16 303
+1 202
cfn=(380)
calls=101 3841 
* 13635
+1 606

fn=(292) calloc
3172 1
+15 1
-15 3
+10 1
+5 2
-15 1
+10 1
+5 2
+8 2
+1 2
3311 5
-25 1
cfi=(79)
cfn=(320)
calls=1 53 
* 219
-87 3
cfi=(72)
cfn=(294)
calls=1 29 
* 58933
+4 1
-3 1
+3 2
-3 1

fn=(372) malloc
2902 300
+5 200
+1 200
+3 800
+2 300
cfn=(308)
calls=100 3349 
* 14000
+3 100
-3 100
+3 100
+8 400
+2 1100
+3 400
-18 600

fn=(382)
2759 707
+11 303
+2 101
+1 202
-4 101
+8 303
+2 202
-5 101
+49 808

fl=(92)
fn=(394)
34 8
+1 1
cfi=(93)
cfn=(396)
calls=1 +31 
* 16
* 1
+4 7
+3 2
+49 9
-24 1
+6 1
+2 1
-3 1
+3 90
+9 44

fl=(46) /build/glibc-Cl5G7W/glibc-2.23/string/../sysdeps/x86_64/multiarch/strcmp.S
fn=(188) strncasecmp
129 1
+1 1
+1 1
+1 1
+10 1

fn=(178) strcasecmp
109 1
+1 1
+1 1
+1 1
+10 1

fl=(88) /build/glibc-Cl5G7W/glibc-2.23/gmon/../sysdeps/x86_64/_mcount.S
fn=(362) mcount
32 101
+1 101
+1 101
+1 101
+1 101
+1 101
+1 101
+1 101
+4 101
+2 101
+2 101
cfi=(89) /build/glibc-Cl5G7W/glibc-2.23/gmon/mcount.c
cfn=(364) __mcount_internal
calls=101 +13 
* 2816
+6 101
+1 101
+1 101
+1 101
+1 101
+1 101
+1 101
+1 101
+1 101

fl=(77) /build/glibc-Cl5G7W/glibc-2.23/misc/sbrk.c
fn=(316) sbrk
34 2
+8 2
-8 6
+8 9
+4 4
+4 6
+12 5
-19 2
cfi=(78) /build/glibc-Cl5G7W/glibc-2.23/misc/../sysdeps/unix/sysv/linux/x86_64/brk.c
cfn=(318) brk
calls=1 -12 
* 12
* 4
+15 2
cfi=(78)
cfn=(318)
calls=1 -27 
* 12
* 2
+4 5

fl=(98)
fn=(440)
27 2
+4 1
+2 2

fl=(64) /build/glibc-Cl5G7W/glibc-2.23/elf/dl-altinit.c
fn=(248) dlinit_alt
33 3
+1 1

fl=(89)
fn=(364)
60 101
+12 202
-12 101
+12 202
+9 101
+1 202
+15 500
+1 100
+1 200
+4 3
+1 1
-1 1
+1 1
+4 1
+1 2
+1 1
+1 1
+1 1
+57 1
+5 2
-5 100
+5 200
-59 297
+1 297
+4 99
+1 99

fl=(78)
fn=(318)
31 16
+8 2
-6 4
+7 2

fl=(81)
fn=(326)
34 3
+6 1
cfi=(82)
cfn=(328)
calls=1 +7 
* 101

fl=(83)
fn=(330)
27 4
+1 2

fl=(73)
fn=(298)
258 6
+13 1
-8 1
+8 1
+6 3
+2 5
+16 2
-56 22
-18 69
+2 44
340 2
+6 2
+1 2
+2 1
+1 7
-78 5
cfi=(74)
cfn=(300)
calls=1 126 
* 57669
* 2
+1 4

fl=(60)
fn=(236)
24 1
+1 1
+1 1
+1 1
+1 1
+1 1
+1 1
+1 1
+1 1
+1 1
+1 1
+1 1
+1 1
+1 1
+1 1
+1 1
+1 1
+1 1
+1 1
+1 1
+1 1
+1 1
+1 1
+1 1

fl=(56) /build/glibc-Cl5G7W/glibc-2.23/csu/../csu/init-first.c
fn=(228) _init
52 8
+6 3
+14 1
fi=(58) /build/glibc-Cl5G7W/glibc-2.23/csu/../sysdeps/unix/sysv/linux/x86_64/init-first.c
-36 1
fe=(56)
+34 1
+1 1
fi=(58)
-35 3
fe=(56)
+36 1
fi=(58)
-36 3
fi=(57) /build/glibc-Cl5G7W/glibc-2.23/csu/../sysdeps/generic/dl-hash.h
+12 3
+14 4
-17 3
+3 9
+14 12
-17 9
fi=(58)
-9 3
+2 2
-2 1
+2 2
cfi=(49)
cfn=(184)
calls=1 -11 
* 6
+1 2
+5 2
-3 2
+1 1
+2 1
cfi=(49)
cfn=(184)
calls=1 -17 
* 6
fe=(56)
+42 3
fi=(58)
-41 2
+1 1
fe=(56)
+40 1
cfi=(59)
cfn=(234)
calls=1 -55 
* 48
+8 1
cfi=(61)
cfn=(238)
calls=1 -63 
* 16
+5 6
-34 1
-7 1
+7 4
fi=(58)
-25 2
fe=(56)

fl=(76)
fn=(314)
46 2
+1 2
cfi=(77)
cfn=(316)
calls=2 -13 
* 73
+1 6
+4 4

fl=(50) /build/glibc-Cl5G7W/glibc-2.23/string/../sysdeps/x86_64/multiarch/strcspn.S
fn=(190) strpbrk
45 1
+1 1
+1 1
+1 1
+1 1
+1 1

fn=(186) strcspn
45 1
+1 1
+1 1
+1 1
+1 1
+1 1

ob=(5)
fl=(65)
fn=(278) __gmon_start__
0 8
cob=(1)
cfi=(66)
cfn=(261)
calls=1 64 
0 60991
0 5
0 3
cfn=(334) atexit
calls=1 0 
0 1010

fn=(406) 0x0000000000400600
0 8

fn=(342) 0x00000000004006a0
0 16

fn=(356)
0 5
cob=(1)
cfi=(66)
cfn=(261)
calls=1 64 
0 926
0 5
0 202
cfn=(366) f2
calls=100 0 
0 93386
0 307

fn=(272)
0 15
cob=(2)
cfi=(16)
cfn=(274) 0x00000000004004f0
calls=1 0 
0 62024
0 2

ob=(2)
fl=(16)
fn=(82) 0x0000000004000ab0
0 1
cob=(1)
cfi=(17) /build/glibc-Cl5G7W/glibc-2.23/elf/dl-minimal.c
cfn=(84) free
calls=1 120 
0 6

fn=(420)
0 1
cob=(3)
cfi=(95)
cfn=(422)
calls=1 31 
0 56

fn=(434) 0x0000000004a287b8
0 3

fn=(216) 0x0000000004a28530
0 6

fn=(398)
0 1
cob=(3)
cfi=(71)
cfn=(378)
calls=1 2934 
0 161

fn=(274)
0 5
cob=(5)
cfi=(65)
cfn=(278)
calls=1 0 
0 62017
0 2

ob=(5)
fl=(65)
fn=(272)
0 6
cfn=(342)
calls=1 0 
0 16
0 11

fn=(402) 0x0000000000400680
0 5
cfn=(406)
calls=1 0 
0 8
0 3

fn=(334)
0 6
cob=(1)
cfi=(66)
cfn=(261)
calls=1 64 
0 999
0 5

fn=(366)
0 500
cob=(3)
cfi=(88)
cfn=(362)
calls=100 32 
0 4804
0 100
0 200
cob=(3)
cfi=(71)
cfn=(372)
calls=99 2902 
0 18414
cob=(1)
cfi=(66)
cfn=(261)
calls=1 64 
0 1071
0 104
0 50600
cob=(3)
cfi=(71)
cfn=(378)
calls=99 2934 
0 15939
cob=(1)
cfi=(66)
cfn=(261)
calls=1 64 
0 1050
0 104
0 500

fn=(252) _start
0 11
cob=(1)
cfi=(66)
cfn=(260) _dl_runtime_resolve_avx
calls=1 64 
0 159953
0 5

ob=(2)
fl=(16)
fn=(412) 0x000000000040081c
0 3

ob=(1)
fl=(2)
fn=(92) handle_ld_preload
757 7
+1 1
-1 1
-75 1
+86 1
-11 1
-75 6
+80 3
fi=(31) /build/glibc-Cl5G7W/glibc-2.23/elf/../string/bits/string2.h
961 1
+1 145
+1 46
-2 46
+2 46
-2 139
+2 1
-2 3
fe=(2)
766 2
+10 4
108 3
779 2
677 1
+5 5
-10 1
+4 1
+1 1
+1 1
+2 1
+2 1
cfi=(32) /build/glibc-Cl5G7W/glibc-2.23/elf/dl-error.c
cfn=(96) _dl_catch_error
calls=1 163 
* 2434
+1 3
+13 3
+84 1
-18 3
+21 9
-15 4
cfi=(18) /build/glibc-Cl5G7W/glibc-2.23/string/../sysdeps/x86_64/multiarch/../memcpy.S
cfn=(46) memcpy
calls=1 61 
* 88
* 1
+1 2

fn=(160) init_tls
589 1
+6 1
-6 1
+2 2
+4 1
+10 4
cfi=(17)
cfn=(36) calloc
calls=1 103 
* 38
* 1
+11 1
-5 1
-7 1
+6 1
+2 1
-1 1
+5 1
+2 1
-1 1
+1 10
+2 8
+4 1
+2 1
-2 2
-5 8
+9 3
+3 1
cfi=(30) /build/glibc-Cl5G7W/glibc-2.23/elf/dl-tls.c
cfn=(162) _dl_determine_tlsoffset
calls=1 138 
* 71
+7 1
cfi=(30)
cfn=(164) _dl_allocate_tls_storage
calls=1 354 
* 439
+1 1
-1 1
+1 1
+6 1
+3 1
-3 1
+3 6
+3 1
+2 1
+1 2

fn=(52)
710 10

fn=(98) _dl_initial_error_catch_tsd
664 8

fn=(26) dl_main
790 1
+19 1
-19 7
2390 1
790 3
+19 1
+3 1
-22 1
2385 1
812 1
+4 2
+1 2
+5 2
2383 2
+7 4
-4 1
+4 8
+2 2
cfi=(13) /build/glibc-Cl5G7W/glibc-2.23/elf/dl-environ.c
cfn=(28) _dl_next_ld_env_entry
calls=1 30 
* 34
* 4
cfi=(13)
cfn=(28)
calls=2 30 
* 131
* 9
+4 50
+1 19
-1 57
+3 4
+6 14
2553 3
+30 3
832 3
1033 7
cfi=(15) /build/glibc-Cl5G7W/glibc-2.23/elf/dl-object.c
cfn=(32) _dl_new_object
calls=1 61 
* 250
+2 1
-2 1
+2 1
+1 1
+1 1
+5 2
-5 1
+1 2
+4 1
cfi=(15)
cfn=(48) _dl_add_to_namespace_list
calls=1 32 
* 33
+1 3
799 1
1072 1
-3 1
-5 1
+1 1
+2 1
+5 7
+56 5
-55 24
-1 27
+1 47
1175 5
+3 2
+2 2
+2 3
+13 3
+1 6
cfi=(19) /build/glibc-Cl5G7W/glibc-2.23/string/../sysdeps/x86_64/multiarch/../strcmp.S
cfn=(54) strcmp
calls=1 144 
* 44
* 2
+7 1
+3 1
-5 1
+3 1
+2 1
+1 2
+4 2
+2 2
fi=(3) /build/glibc-Cl5G7W/glibc-2.23/elf/get-dynamic-info.h
30 1
+9 2
+6 1
-2 1
+2 2
+15 1
+5 1
+3 1
+2 1
-3 1
-3 1
-3 14
+10 3
-26 9
+16 19
+10 19
-26 57
+26 1
-26 3
+2 46
+13 16
+2 4
+16 3
+38 3
+5 2
+7 2
+1 3
+16 3
+14 3
+18 2
fe=(2)
1218 2
cfi=(6) /build/glibc-Cl5G7W/glibc-2.23/elf/dl-lookup.c
cfn=(10) _dl_setup_hash
calls=1 956 
* 23
+3 2
fi=(20) /build/glibc-Cl5G7W/glibc-2.23/elf/setup-vdso.h
24 2
fe=(2)
1243 1
cfi=(9) /build/glibc-Cl5G7W/glibc-2.23/elf/../sysdeps/unix/sysv/linux/dl-sysdep.c
cfn=(60) _dl_discover_osversion
calls=1 45 
* 85
* 8
-75 2
+1 2
+1 1
-6 2
+1 1
-88 3
+1 1
+50 2
-1 8
+2 4
+1 1
+3 2
+1 2
-1 2
+1 2
+1 2
+1 6
+1 2
-43 1
-2 2
+27 1
-25 2
+7 1
-10 1
+10 1
-19 3
+1 1
fi=(3)
65 4
+3 4
+2 4
fe=(2)
2480 1
+1 1
-1 2
+1 3
cfi=(14) /build/glibc-Cl5G7W/glibc-2.23/string/../sysdeps/x86_64/multiarch/../memcmp.S
cfn=(30) bcmp
calls=1 24 
* 31
* 2
-55 4
cfi=(14)
cfn=(30)
calls=1 24 
* 18
* 2
+7 4
cfi=(14)
cfn=(30)
calls=1 24 
* 36
* 2
+2 3
+48 3
1248 2
cfi=(22) /build/glibc-Cl5G7W/glibc-2.23/elf/dl-load.c
cfn=(64) _dl_init_paths
calls=1 689 
* 1578
+3 3
cfi=(29) /build/glibc-Cl5G7W/glibc-2.23/elf/dl-debug.c
cfn=(86) _dl_debug_initialize
calls=1 50 
* 17
+7 1
-7 1
+2 1
+5 1
+3 3
+1 1
+3 1
-3 3
+1 2
+3 1
+5 1
-7 1
+7 1
+1 5
+17 2
+1 2
+5 1
-3 4
+2 2
+1 3
+5 3
+1 5
+2 2
+1 2
+5 2
+5 1
805 1
1314 2
1491 1
cfi=(30)
cfn=(88) _dl_count_modids
calls=1 115 
* 4
* 1
+8 3
+3 1
+4 3
+5 1
+1 1
cfi=(29)
cfn=(90) _dl_debug_state
calls=1 74 
* 1
+1 1
+4 3
+15 3
+4 1
-2 1
+2 2
+2 3
+1 1
-1 2
+1 1
cfn=(92)
calls=1 757 
* 3019
* 1
+1 1
+2 6
+10 3
cfi=(24) /build/glibc-Cl5G7W/glibc-2.23/io/../sysdeps/unix/syscall-template.S
cfn=(68) access
calls=1 84 
* 9
* 2
+77 1
-96 1
+96 3
+17 3
+1 1
-1 1
+1 2
-1 1
+1 5
cfi=(41) /build/glibc-Cl5G7W/glibc-2.23/elf/dl-deps.c
cfn=(134) _dl_map_object_deps
calls=1 161 
* 6794
+1 1
+2 2
+3 1
-3 3
+3 1
-3 1
+3 3
+1 4
-1 2
+1 12
-1 6
+4 3
+1 3
+1 1
+2 2
+1 6
-1 5
+1 5
-1 3
-3 1
+16 1
+1 2
-1 1
+1 1
+2 1
+2 3
+2 1
-4 1
+5 1
-1 2
+14 2
+1 2
+1 3
+11 1
+2 1
-2 1
+2 2
-1 1
+1 1
-2 3
+2 1
cfi=(32)
cfn=(150) _dl_receive_error
calls=1 205 
* 2517
+10 1
+1 1
-1 1
+1 1
+1 1
cfn=(160)
calls=1 589 
* 619
* 1
+2 2
719 1
+2 3
fi=(99) /build/glibc-Cl5G7W/glibc-2.23/elf/../sysdeps/unix/sysv/linux/dl-osinfo.h
77 1
fe=(2)
730 1
+7 1
-5 1
1729 3
1959 3
2129 4
+2 1
+5 3
cfi=(30)
cfn=(202) _dl_allocate_tls_init
calls=1 450 
* 147
+3 2
+9 3
+2 2
+15 1
+2 1
-2 2
+3 1
-3 1
+3 1
-3 1
+3 3
cfi=(45) /build/glibc-Cl5G7W/glibc-2.23/elf/dl-reloc.c
cfn=(166) _dl_relocate_object
calls=1 149 
* 3984
+1 1
+2 6
+8 1
cfi=(7) /build/glibc-Cl5G7W/glibc-2.23/elf/../elf/dl-sysdep.c
cfn=(204) _dl_sysdep_start_cleanup
calls=1 256 
* 1
+4 3
+20 3
cfi=(29)
cfn=(86)
calls=1 50 
* 8
+1 1
-1 1
+2 1
cfi=(29)
cfn=(90)
calls=1 74 
* 1
+1 1
+4 1
cfi=(43) /build/glibc-Cl5G7W/glibc-2.23/elf/dl-cache.c
cfn=(206) _dl_unload_cache
calls=1 322 
* 15
+5 8
2080 3
+7 1
+2 3
+19 1
-19 4
+2 1
+2 12
+5 8
+2 8
+6 4
+2 8
+1 24
cfi=(45)
cfn=(166)
calls=3 149 
* 66474
+4 14
-22 10
+25 1
+2 5
+6 1
-6 1
+6 1
-10 2
cfi=(30)
cfn=(200) _dl_add_to_slotinfo
calls=1 890 
* 20
* 1
-12 1
+1 1
-3 2
-85 1
+11 1
-7 1
-4 1
+4 3
+4 2
+3 1
1672 2
-39 5
+1 1
-1 3
+4 3
+1 1
+1 2
+1 2
1237 3

fn=(50)
704 10

fn=(152) version_check_doit
529 2
+2 4
cfi=(44) /build/glibc-Cl5G7W/glibc-2.23/elf/dl-version.c
cfn=(154) _dl_check_all_versions
calls=1 380 
* 2477
* 2
+4 2

fn=(2) _dl_start
353 9
+18 4
fi=(5) /build/glibc-Cl5G7W/glibc-2.23/elf/../sysdeps/x86_64/dl-machine.h
59 1
fe=(2)
371 1
fi=(3)
45 1
fi=(5)
+14 2
fe=(2)
397 1
fi=(3)
45 1
fe=(2)
394 1
fi=(3)
45 1
+25 2
-3 1
-7 1
+5 1
+3 1
+2 1
-3 1
-3 1
-3 2
-13 26
+23 13
-26 39
+26 1
-26 3
+2 36
+13 20
+1 16
+10 4
-26 12
+33 2
+20 4
+1 4
+1 4
+1 4
+2 4
+5 4
+1 4
+1 4
+6 3
+5 2
+7 3
+1 3
+8 3
+2 3
+3 2
+1 2
fe=(2)
408 2
302 1
415 1
302 1
cfi=(6)
cfn=(10)
calls=1 956 
* 23
+1 2
+1 2
+1 2
+1 2
+8 1
+9 1
-9 3
+9 1
-6 1
-3 1
+9 1
cfi=(7)
cfn=(12) _dl_sysdep_start
calls=1 86 
* 87604
* 1
+9 1
+3 4
+4 1
-4 1
+4 1
440 9
fi=(3)
62 4
+3 4
fe=(2)
413 26
fi=(4) /build/glibc-Cl5G7W/glibc-2.23/elf/do-rel.h
84 1
+27 1
-28 1
+28 2
+1 2
fi=(5)
517 2
fi=(4)
112 18
fi=(5)
517 18
+1 20
fi=(4)
111 20
fi=(5)
518 10
fi=(4)
111 10
+5 2
+8 1
fi=(5)
312 1
fi=(4)
124 2
+12 1
+1 3
fi=(5)
266 1
fi=(4)
137 1
fi=(5)
294 1
fi=(4)
137 2
fi=(5)
294 1
fi=(4)
136 5
+1 15
fi=(5)
266 5
fi=(4)
137 5
fi=(5)
294 5
fi=(4)
137 10
fi=(5)
294 5
+9 12
+3 6
-3 12
+3 18
+6 36
fi=(3)
68 4
+2 3
fi=(5)
425 12
fi=(4)
124 19
fe=(2)

fn=(102) map_doit
496 1
+2 1
-2 1
+3 8
cfi=(22)
cfn=(104) _dl_map_object
calls=1 2189 
* 2358
* 1
+2 2

fl=(11) /build/glibc-Cl5G7W/glibc-2.23/string/../sysdeps/x86_64/strlen.S
fn=(22) strlen
66 13
+1 13
+1 13
+1 13
+1 13
+1 13
+1 13
+2 13
+2 13
+30 12
+1 12
+1 12
+1 12
+1 12
+1 6
+1 6
+4 6
+1 6
+1 6
+1 6
+1 6
+1 6
+1 6
+1 6
+1 6
+1 6
+1 6
+1 6
+5 48
+4 1
+1 14
+1 8

fl=(37) /build/glibc-Cl5G7W/glibc-2.23/misc/../sysdeps/unix/sysv/linux/wordsize-64/mmap.c
fn=(122) mmap
33 8
-1 80
+1 20
+1 80
+2 56
-3 18

fl=(33) /build/glibc-Cl5G7W/glibc-2.23/setjmp/../sysdeps/x86_64/setjmp.S
fn=(100) __sigsetjmp
26 3
+9 3
+1 6
+1 3
+4 3
+1 3
+1 3
+1 3
+1 3
+2 6
+2 3
+1 3
+1 3
+2 6
+2 3
+4 3
+1 3

fl=(15)
fn=(32)
61 42
+1 3
cfi=(11)
cfn=(22)
calls=3 +4 
* 66
+6 3
-6 6
+6 6
+7 12
cfi=(17)
cfn=(36)
calls=3 +28 
* 171
* 3
+3 3
-3 3
+3 3
+4 3
+5 6
-6 3
+6 3
-5 3
+3 6
+2 3
cfi=(18)
cfn=(46)
calls=3 -26 
* 88
+10 3
-10 3
+10 3
-8 3
+9 6
-1 9
+1 9
+3 3
-4 3
+1 3
+3 3
+9 3
-7 3
+4 3
+3 9
+2 2
-2 2
+2 30
-2 30
+12 3
+6 3
-5 3
-1 3
+6 15
+2 2
+3 2
-3 2
+3 2
-3 4
+7 6
+4 4
+2 5
+6 1
+6 1
-3 2
+3 4
-3 4
+3 4
+2 6
cfi=(11)
cfn=(22)
calls=2 -91 
* 68
+4 2
-4 8
+4 6
+64 4
+4 24
68 30
+34 8
+39 8
+70 6
cfi=(25) /build/glibc-Cl5G7W/glibc-2.23/string/../sysdeps/x86_64/memcpy.S
cfn=(70) mempcpy
calls=2 61 
* 71
* 42
+6 40
-1 40
+1 42
-1 2
+1 6
+5 4
-89 2
+32 4
cfi=(17)
cfn=(40) malloc
calls=2 -71 
* 58
* 2
+1 2
-1 2
+1 6
+2 1
-35 2

fn=(48)
32 15
+2 6
cfi=(2)
cfn=(50)
calls=3 704 
* 6
+2 3
-2 3
+2 19
+3 15
+2 2
+2 2
+4 2
+4 2
-4 4
+1 2
+4 4
-4 2
+1 2
+3 2
-3 2
+2 2
cfi=(2)
cfn=(52)
calls=2 710 
* 4
-4 1
+4 1
-4 2
+1 1
+4 2
-4 1
+1 1
+3 1
-3 1
+2 1
cfi=(2)
cfn=(52)
calls=1 710 
* 2
-5 2

fl=(17)
fn=(36)
103 8
+8 24
-4 8
+4 16
+3 8
cfn=(40)
calls=8 -20 
* 289
* 8

fn=(78) strsep
354 4
+2 2
+1 4
+4 33
+7 84
-2 56
+13 1
+4 2
-7 14
-15 44

fn=(40)
94 21
+1 42
cfn=(44) __libc_memalign
calls=21 -43 
* 582
* 21

fn=(44)
52 66
+1 87
+11 63
+3 21
-3 21
+3 42
-3 3
+3 1
-3 1
+3 82
+4 8
+1 4
+6 16
cfi=(37)
cfn=(122)
calls=2 -45 
* 66
+2 10
+4 6
+3 2
+1 2
+2 10
-3 20
+1 20
+2 100
-31 2
-1 5

fn=(84)
120 1
+2 3
+7 2

fl=(45)
fn=(166)
149 40
+15 4
-15 8
+15 4
+1 24
+6 8
+6 12
-18 8
+22 8
+7 4
-32 4
+32 4
+44 4
fi=(5)
76 12
fe=(45)
232 8
fi=(5)
76 12
+6 6
+4 9
+14 3
-8 3
+10 3
-2 6
+20 6
+9 3
fe=(45)
258 164
-98 18
fi=(5)
301 24
fe=(45)
-43 3
fi=(4)
58 3
-10 3
-1 6
+11 3
-11 3
+11 3
fe=(45)
258 1
-98 6
fi=(5)
301 8
fe=(45)
-43 1
fi=(4)
58 1
-10 1
-1 2
+11 1
-11 1
+11 1
fe=(45)
258 4
fi=(4)
58 4
-10 4
-1 8
+11 4
-11 4
+11 4
+3 15
fi=(5)
528 24
+4 24
+2 36
+1 12
fi=(4)
61 57
+2 80
+2 26
-4 3
+13 6
+1 5
+1 16
fi=(5)
528 8
+26 8
fi=(4)
75 8
fi=(5)
554 16
cob=(3)
cfi=(53)
cfn=(198)
calls=1 0 
* 11
cob=(3)
cfi=(52)
cfn=(194)
calls=1 37 
* 66
cob=(3)
cfi=(51)
cfn=(192)
calls=1 30 
* 6
cob=(3)
cfi=(50)
cfn=(190)
calls=1 45 
* 6
cob=(3)
cfi=(46)
cfn=(188)
calls=1 129 
* 5
cob=(3)
cfi=(50)
cfn=(186)
calls=1 45 
* 6
cob=(3)
cfi=(47)
cfn=(180)
calls=1 38 
* 66
cob=(3)
cfi=(46)
cfn=(178)
calls=1 109 
* 5
fi=(4)
75 8
fi=(5)
555 8
fi=(4)
75 11
fe=(45)
258 2
fi=(4)
75 14
fe=(45)
258 14
+3 16
+24 4
+3 8
+17 12
+2 32
fi=(4)
84 5
-1 5
+3 10
-3 5
+3 5
+12 15
+10 6
+3 8
fi=(5)
512 2
fi=(4)
112 4
fi=(5)
512 1194
fi=(4)
112 2380
fi=(5)
512 2380
+5 2384
+1 2384
fi=(4)
111 2384
fi=(5)
518 1192
fi=(4)
111 1192
+7 15
+6 4
-3 8
+3 10
fi=(5)
447 9
fi=(4)
127 372
+9 186
+3 93
-3 93
+3 93
fi=(5)
269 93
fi=(4)
138 93
-2 93
+1 372
fi=(5)
269 93
+21 186
+4 186
+7 1778
fi=(4)
137 76
fi=(5)
301 152
fi=(4)
137 76
fi=(5)
301 76
fi=(4)
137 76
fi=(5)
301 1216
cfi=(6)
cfn=(172) _dl_lookup_symbol_x
calls=76 806 
* 42563
* 608
+2 237
+3 92
-3 184
+3 276
+6 558
fe=(45)
178 8
fi=(5)
435 237
fi=(4)
124 285
+19 6
fi=(5)
301 54
fi=(4)
108 3
fi=(5)
407 42
+4 70
+14 70
fe=(45)
313 20
+3 4
-3 8
+3 4
+4 8
+1 16
cfi=(39) /build/glibc-Cl5G7W/glibc-2.23/misc/../sysdeps/unix/syscall-template.S
cfn=(126) mprotect
calls=4 84 
* 20
* 12
fi=(5)
123 15
+6 12
fe=(45)
258 3
fi=(4)
129 8
fi=(5)
301 87
fi=(4)
160 7
+2 20
+8 10
+1 5
-1 5
+1 5
fi=(5)
+98 5
fi=(4)
-99 15
fi=(5)
+99 5
+21 10
+4 10
+7 180
cfi=(6)
cfn=(172)
calls=5 806 
* 2409
* 35
+2 15
+3 1
-3 2
+3 3
+6 30
435 15
fi=(4)
160 17
+14 2
fi=(5)
301 6
fe=(45)

fl=(25)
fn=(70)
61 17
+4 17
+3 16
+1 16
+2 7
+1 7
+2 7
+1 7
+5 7
+1 7
-1 9
+1 9
+2 10
+1 10
+2 10
+1 10
+5 10
+1 10
-1 6
+1 6
+2 5
+1 5
+2 5
+1 5
+5 5
+1 5
-1 11
+1 11
+2 7
+1 7
+2 7
+1 14
+5 7
+1 7
-1 9
+1 11
+5 2
+1 2
+1 2
+1 2
+2 2
+2 2
+1 2
+2 2
+6 16
+4 16
+12 2
+2 2
+1 2
+26 2
+1 2
+3 2
+1 2
+1 2
+5 2
+2 2
+1 2
+1 2
+1 2
+2 2
+1 2
+1 2
+1 2
+2 2
+1 2
+2 2
+22 2
+2 2
+2 1
+7 1

fl=(28) /build/glibc-Cl5G7W/glibc-2.23/string/strdup.c
fn=(80) strdup
40 12
+1 3
cfi=(11)
cfn=(22)
calls=3 +25 
* 84
* 3
+1 6
cfi=(17)
cfn=(40)
calls=3 +52 
* 87
* 3
+2 6
+4 3
-1 6
+1 6
-1 6
cfi=(18)
cfn=(46)
calls=3 +14 
* 106

fl=(18)
fn=(46)
61 14
+2 14
+2 14
+3 12
+1 12
+2 5
+1 5
+2 5
+1 5
+5 5
+1 5
-1 7
+1 7
+2 4
+1 4
+2 4
+1 8
+5 4
+1 4
-1 8
+1 8
+2 3
+1 3
+2 3
+1 3
+5 3
+1 3
-1 9
+1 9
+2 7
+1 7
+2 7
+1 7
+5 7
+1 7
-1 5
+1 10
+5 5
+1 5
+1 5
+1 5
+2 5
+2 5
+1 5
+2 5
+8 12
+8 6
+6 6
+2 6
+1 6
+3 2
+1 6
+5 2
+1 2
+2 2
+2 2
+1 2
+2 2
-8 5
+1 5
+2 5
+2 5
+1 5
+2 9
+9 2
+1 2
-1 4
+1 4
+3 6
+1 6
+1 6
+5 5
+2 5
+1 5
+1 5
+1 5
+2 5
+1 5
+1 5
+1 5
+2 5
+1 5
+2 5
+22 6
+6 6
+1 6
+2 2

fl=(14)
fn=(30)
24 13
+1 13
+1 13
+1 13
+1 13
+1 13
+1 13
+1 13
+3 13
+1 13
+1 5
+1 5
+1 5
+1 5
+1 5
+1 5
+1 5
+2 12
+1 12
+1 4
+1 4
+1 4
+1 4
+1 4
+1 4
+1 4
+2 12
+1 12
+1 5
+1 5
+1 5
+1 5
+1 2
+1 2
+1 2
+2 9
+1 9
+1 5
+1 5
+1 5
+1 5
+5 4
+1 4
+1 4
+1 4
+1 4
+1 4
+1 4
+1 2
+1 2
+1 2
+1 2
+1 2
+7 2
+2 3
+4 8
+1 8
+1 1
+1 1
+1 1
+1 1
+1 1
+1 1
+1 1
+1 1
+1 1
+1 1
+1 1
+4 9
+1 9

fl=(26) /build/glibc-Cl5G7W/glibc-2.23/string/../sysdeps/x86_64/multiarch/../memset.S
fn=(72) memset
53 13
+1 13
+1 13
+1 13
+1 13
+2 13
+1 13
+1 11
+1 11
+15 2
+1 2
+1 2
+1 2
+1 2
+1 2
+1 2
+1 2
+1 2
+1 2
+1 2
+1 2
+1 2
+1 4
+3 2
+1 2
+1 2
+1 2
+1 2
+1 2
+1 2
-6 34
+1 34
+1 34
+1 34
+1 34
+1 34
+1 34
+1 2
+3 11
+1 11
+1 11
+1 4
+1 4
+1 2
+1 2
+3 2
+1 2
+1 2
+1 2
+2 2
+1 2
+1 2
+2 7
+1 7
+1 7

fl=(1) ???
fn=(0) 0x0000000000000c30
0 2
cfi=(2)
cfn=(2)
calls=1 353 
0 88252
0 14
cfi=(54) /build/glibc-Cl5G7W/glibc-2.23/elf/dl-init.c
cfn=(212) _dl_init
calls=1 80 
0 1610
0 3
cob=(5)
cfi=(65)
cfn=(252)
calls=1 0 
0 159969

fl=(22)
fn=(138) open_path
2040 8
+1 1
+6 1
-6 1
+6 1
+5 9
+52 1
-59 1
-1 1
+60 1
-52 8
+74 4
-62 1
-9 1
+9 1
+7 4
cfi=(25)
cfn=(70)
calls=1 61 
* 31
+1 1
-1 1
+1 5
+20 8
-20 15
+3 8
+5 8
-1 4
+1 8
-1 12
cfi=(25)
cfn=(70)
calls=4 61 
* 85
* 16
cfi=(25)
cfn=(70)
calls=4 61 
* 92
-1 4
+7 4
-7 4
+7 4
+3 36
cfn=(108) open_verify.constprop.7
calls=4 1717 
* 176
* 4
+2 20
+67 7
+7 1
-2 1
+2 3
+3 3
+14 1
-27 1
+27 7
-84 8
+1 36
+6 4
+2 4
-2 4
+2 8
-2 4
+2 4
cfi=(42) /build/glibc-Cl5G7W/glibc-2.23/io/../sysdeps/unix/sysv/linux/wordsize-64/xstat.c
cfn=(140) _xstat
calls=4 34 
* 49
* 8
+1 1
+2 1
-2 1
+2 7
+7 3
-7 3
+7 9
-30 3
+23 6

fn=(76) fillin_rpath
444 7
+2 1
-2 9
+4 3
cfi=(17)
cfn=(78)
calls=1 -94 
* 238
* 3
cfi=(17)
cfn=(78)
calls=1 -94 
* 6
* 6
+7 2
+35 15
+1 8
+55 2
+2 2
cob=(2)
cfi=(16)
cfn=(82)
calls=1 0 
* 7
* 1
-39 2
+4 2
-1 4
cfi=(17)
cfn=(40)
calls=1 94 
* 29
* 1
+3 1
-3 1
+3 2
+5 1
+1 2
-2 1
+2 1
cfi=(25)
cfn=(70)
calls=1 61 
* 31
+3 1
-3 1
+1 1
+2 1
+6 2
+1 1
-1 2
+1 13
+1 11
-1 2
+3 2
+1 3
+7 1
+1 1
-1 2
383 3
cfi=(27) /build/glibc-Cl5G7W/glibc-2.23/string/../sysdeps/x86_64/multiarch/../strchr.S
cfn=(74) index
calls=1 24 
* 23
* 2
+4 2
cfi=(28)
cfn=(80)
calls=1 40 
* 94
* 1
+74 2
+5 2
cfi=(11)
cfn=(22)
calls=1 66 
* 16
+1 2
+7 6
+9 1
-4 3
+4 2
+26 2
+43 1
+3 9
-15 2
-9 2
-57 2

fn=(64)
689 1
+13 2
-13 8
+13 3
cfi=(23) /build/glibc-Cl5G7W/glibc-2.23/elf/dl-hwcaps.c
cfn=(66) _dl_important_hwcaps
calls=1 39 
* 398
+5 1
-5 1
+5 1
cfi=(17)
cfn=(40)
calls=1 94 
* 29
* 1
+1 1
-2 1
+2 2
+8 1
-1 1
+1 3
-1 3
+4 4
cfi=(17)
cfn=(40)
calls=1 94 
* 29
* 1
+2 1
-2 1
+2 1
+17 2
+9 2
-19 1
+11 1
-1 1
+3 1
+1 1
-15 2
+23 1
-9 1
+9 5
-3 17
cfi=(26)
cfn=(72)
calls=4 53 
* 60
+3 27
-14 3
+2 3
+1 3
+2 6
-3 3
+4 9
+4 3
-3 3
+3 3
+1 3
-4 9
+4 3
+14 1
-11 1
+6 1
+1 1
+5 1
-12 1
+12 1
+2 4
+2 3
+38 5
+6 3
cfi=(27)
cfn=(74)
calls=1 24 
* 23
* 2
+2 3
cfi=(11)
cfn=(22)
calls=1 66 
* 16
* 8
cfi=(18)
cfn=(46)
calls=1 61 
* 31
* 1
+17 133
+5 1
cfi=(17)
cfn=(40)
calls=1 94 
* 29
* 1
+1 1
-2 1
+2 1
+6 9
cfn=(76)
calls=1 444 
* 609
+4 5
+6 1
+4 8
-70 1
-2 1
+2 2
+14 2

fn=(114) _dl_map_object_from_fd
893 22
+10 2
-10 2
+10 2
-10 6
+10 2
cfi=(29)
cfn=(86)
calls=2 50 
* 16
fi=(35) /build/glibc-Cl5G7W/glibc-2.23/elf/../sysdeps/posix/dl-fileid.h
37 6
fe=(22)
903 2
fi=(35)
37 2
cfi=(36) /build/glibc-Cl5G7W/glibc-2.23/io/../sysdeps/unix/sysv/linux/wordsize-64/fxstat.c
cfn=(120) _fxstat
calls=2 -3 
* 20
* 4
+4 2
fe=(22)
919 2
fi=(35)
40 2
+1 2
fe=(22)
919 29
+1 10
fi=(35)
49 12
fe=(22)
1465 16
937 4
+24 4
+10 4
+22 8
+32 4
904 2
1028 14
cfi=(15)
cfn=(32)
calls=2 61 
* 882
+1 2
-1 2
+1 2
+11 4
+1 2
-1 2
+2 2
-1 2
+4 2
-1 4
-2 2
+2 4
+1 6
+1 2
+19 2
-2 2
+10 2
-8 12
+8 2
-8 6
+8 2
+87 2
+8 2
-8 8
+8 2
-8 6
-86 32
-1 136
+1 95
+6 4
+1 6
+1 2
+9 20
+5 32
+9 12
-1 12
+1 4
+1 8
+2 4
-2 4
+1 4
-1 4
+3 4
+4 4
-7 4
+2 4
+1 4
+4 4
+1 12
+4 6
-14 2
+14 12
+11 2
-11 6
-14 2
+14 12
+11 2
-44 2
+1 1
+46 3
+4 1
+1 1
+1 1
-1 2
+1 1
+3 3
+1 1
+3 1
-3 1
+7 4
+6 1
cfi=(30)
cfn=(148) _dl_next_tls_modid
calls=1 49 
* 8
* 2
+1 1
+59 4
+1 6
+1 2
-6 4
+1 2
+8 6
1041 2
1229 2
1041 2
1229 2
+10 6
fi=(38) /build/glibc-Cl5G7W/glibc-2.23/elf/./dl-map-segments.h
56 4
fe=(22)
1239 6
fi=(38)
56 2
fe=(22)
1239 2
fi=(38)
56 2
fe=(22)
1239 4
fi=(38)
56 12
cfi=(37)
cfn=(122)
calls=2 -23 
* 70
+4 2
-4 2
+4 4
+3 4
+1 2
+2 2
-2 2
-1 2
+3 2
+10 4
fi=(40) /build/glibc-Cl5G7W/glibc-2.23/elf/./dl-load.h
+14 8
+1 6
+2 8
fi=(38)
+7 16
+6 2
+2 2
-2 2
+1 2
+2 2
-1 2
+1 2
-1 6
+8 4
+17 4
+12 4
-59 20
+2 4
+2 2
-2 4
+2 20
cfi=(37)
cfn=(122)
calls=2 -57 
* 62
* 6
fe=(22)
1251 8
+9 4
fi=(3)
39 2
fe=(22)
1260 2
fi=(3)
39 2
+6 2
-2 2
+2 4
+15 2
+5 2
+3 2
-1 2
-3 2
-3 36
+10 8
-26 24
+16 35
+10 35
-26 105
+26 2
-26 6
+2 90
+13 40
+2 8
+3 8
+13 4
+20 7
+1 8
+1 8
+1 8
+2 8
+5 8
+1 7
+1 8
+6 6
+5 4
+7 4
+1 6
+16 6
+5 1
+2 1
-2 1
+2 1
+2 2
+2 2
+3 6
+10 1
-8 4
+8 1
+5 2
+3 4
fe=(22)
1267 4
+15 6
+19 4
+2 10
+54 6
+1 2
+3 2
cfi=(24)
cfn=(132) close
calls=1 84 
* 5
* 2
cfi=(24)
cfn=(132)
calls=1 84 
* 5
* 4
+9 4
+2 6
+2 2
-2 2
+2 2
+16 4
cfi=(6)
cfn=(10)
calls=2 956 
* 46
+4 4
+1 4
+17 4
+9 2
-5 6
+5 2
+10 4
+10 6
cfi=(15)
cfn=(48)
calls=2 32 
* 82
+4 8
fi=(3)
68 8
+2 10
fe=(22)
1413 2
fi=(38)
119 4
+8 16
cfi=(26)
cfn=(72)
calls=2 -74 
* 283
* 8
-54 8
-1 12
cfi=(39)
cfn=(126)
calls=2 +12 
* 10
* 2
fi=(40)
+22 5
+1 11
+3 4
fi=(38)
+39 9
cfi=(37)
cfn=(122)
calls=1 33 
* 31
+3 3
fe=(22)
1255 2

fn=(104)
2189 21
+8 3
-8 6
+8 3
+1 12
+3 42
+5 49
+2 21
cfi=(34) /build/glibc-Cl5G7W/glibc-2.23/elf/dl-misc.c
cfn=(106) _dl_name_match_p
calls=7 288 
* 944
* 14
+4 12
+1 18
+3 2
+2 8
cfi=(19)
cfn=(54)
calls=2 144 
* 48
* 4
2500 24
2235 10
+9 2
-53 2
+53 4
+36 4
-2 2
+2 2
cfi=(27)
cfn=(74)
calls=2 24 
* 46
* 4
2431 2
383 3
cfi=(27)
cfn=(74)
calls=1 24 
* 47
* 2
+4 2
cfi=(28)
cfn=(80)
calls=1 40 
* 128
2432 1
-3 1
+3 2
+4 9
cfn=(108)
calls=1 1717 
* 299
+3 1
-3 1
+3 3
+12 3
+46 1
+1 3
-1 1
+1 9
cfn=(114)
calls=1 893 
* 1444
-1 1
+1 3
-1 1
+1 9
cfn=(114)
calls=1 893 
* 1789
* 6
2284 2
cfi=(11)
cfn=(22)
calls=1 66 
* 16
* 1
+2 1
-2 1
+2 1
+7 4
+35 2
+1 14
cfn=(138)
calls=1 2040 
* 777
+6 2
-6 1
+6 3
666 1
2336 1
666 2
2423 2
+28 3
+2 4
2297 1
+5 1
-5 1
+5 1
+3 2
-3 1
+3 7
-3 3
666 1
2303 1
666 2
2358 1
-14 1
+14 1
+2 3
+4 2
cfi=(43)
cfn=(142) _dl_load_cache_lookup
calls=1 185 
* 1243
+2 1
-2 1
+2 1
+4 2
+8 3
+23 10
cfn=(108)
calls=1 1717 
* 370
+4 1
-4 1
+4 3
+1 2
-89 3
+1 8
666 1
2319 1
666 2

fn=(108)
1717 66
+39 6
-39 18
+39 22
+31 24
cfi=(24)
cfn=(110) open
calls=6 84 
* 46
+2 6
-2 6
+2 8
+10 2
+1 4
+5 16
cfi=(24)
cfn=(112) read
calls=2 84 
* 10
+2 4
+2 2
+2 2
-2 4
+2 2
+6 4
+16 8
cfi=(14)
cfn=(30)
calls=2 24 
* 57
* 18
cfi=(14)
cfn=(30)
calls=2 24 
* 72
* 4
+74 4
+5 4
+2 8
+6 4
+11 4
+6 2
+1 2
-1 8
+1 2
-1 2
+1 4
+1 6
+20 106
+2 36
+4 8
+1 6
+12 14
+4 6
+5 1
+1 1
-13 4
cfi=(14)
cfn=(30)
calls=1 24 
* 25
* 8
cfi=(14)
cfn=(30)
calls=2 24 
* 60
* 6
+16 2
+3 7
+3 3
+1 5
-39 2
+67 20
-23 4
+23 28
1826 2
+7 4
cfi=(14)
cfn=(30)
calls=1 24 
* 24
* 2

fl=(23)
fn=(66)
39 6
+3 1
-3 2
+3 1
-1 1
+1 1
+9 1
-12 4
+12 2
+10 4
162 2
-47 3
cfi=(24)
cfn=(68)
calls=1 -31 
* 9
* 2
+55 3
+2 2
+1 5
+4 2
+4 1
-4 1
+1 1
+3 1
+3 1
+1 1
-1 1
+4 3
+1 1
-1 9
+1 1
+18 10
+1 2
-1 1
+1 3
cfi=(17)
cfn=(40)
calls=1 94 
* 29
* 1
+1 1
-1 1
+1 5
+29 1
+3 1
-3 2
+3 1
+23 7
+6 2
-1 2
+1 6
-1 8
+5 6
+3 1
-3 1
+3 1
-3 3
+3 1
-3 1
+3 5
+1 12
+1 4
-1 4
+1 8
-2 4
+1 8
-1 14
+4 4
+4 1
-1 1
+2 1
-2 1
+1 1
+1 1
-2 1
+2 10
+13 2
+1 1
-1 1
+3 2
-3 2
+1 1
-1 1
+3 2
+3 4
+3 1
-1 1
+1 9
113 1
+17 1
+1 1
-1 9
243 6
cfi=(25)
cfn=(70)
calls=1 61 
* 22
* 4
cfi=(25)
cfn=(70)
calls=1 61 
* 18
+1 4
cfi=(25)
cfn=(70)
calls=1 61 
* 22
* 4
cfi=(25)
cfn=(70)
calls=1 61 
* 18
* 12

fl=(32)
fn=(96)
163 6
+15 3
-3 6
+1 6
-13 6
+14 6
+1 3
+2 3
cfi=(2)
cfn=(98)
calls=3 664 
* 6
+2 3
-1 3
+4 3
-3 6
+3 3
-4 3
+4 3
cfi=(33)
cfn=(100)
calls=3 26 
* 60
* 9
+2 9
cfi=(41)
cfn=(136) openaux
calls=2 60 
* 5274
cfi=(2)
cfn=(102)
calls=1 496 
* 2372
+1 6
+2 3
+1 3
-3 3
+1 6
+1 3
+9 3
-8 3
+8 9

fn=(150)
205 10
+1 1
cfi=(2)
cfn=(98)
calls=1 664 
* 2
+5 1
-1 1
-4 1
+9 1
+2 1
-3 1
+3 1
cfi=(2)
cfn=(152)
calls=1 529 
* 2487
+2 1
+1 1
+1 8

fl=(19)
fn=(54)
144 196
+1 196
+2 196
+1 196
+21 196
+1 196
+1 144
+1 144
+1 140
+1 140
+1 140
+1 140
+21 140
+1 140
+1 140
+1 140
+1 140
+1 140
+1 140
+5 5
+1 5
+9 5
+1 5
+1 5
+1 5
+1 5
+1 5
+1 5
+1 5
-7 56
+1 56
+1 56
+1 56
+1 56
+1 56
+1 56
+1 56
+1 60
+1 49
+1 49
+1 49
+2 49
+1 49
+1 49
+1 49
+1 49
+1 49
-5 11
+1 11
+1 11
+1 11
+1 11
+1 11
+10 1
+1 1
+1 1
+2 1
+6 1
+1 1
+1 1
+1 1
+1 1
+5 1
696 8
+1 8
+1 8
+1 8
+1 8
+2 8
+1 8
+1 8
+1 8
+1 8
+1 8
+1 8
+1 8
+4 8
+1 8
+1 8
+6 8
+1 8
+1 16
+4 8
+1 8
+3 8
+1 8
+1 8
+3 8
+1 8
+1 8
+6 8
+1 8
+1 8
+1 8
+1 8
+1 8
1071 1
+1 1
+1 1
+1 1
+1 1
+2 1
+1 1
+1 1
+1 1
+1 1
+1 1
+1 1
+1 1
+4 1
+1 1
+1 1
+6 1
+1 1
+1 2
+4 1
+1 1
+3 1
+1 1
+1 1
+3 1
+1 1
+1 1
+6 1
+1 1
+1 1
+1 1
+1 1
+1 1
+72 5
+1 5
+1 5
+1 5
+1 5
+2 5
+1 5
+1 5
+1 5
+1 5
+1 5
+1 5
1321 18
+1 18
+1 18
+1 18
+1 18
+2 18
+1 18
+1 18
+1 18
+1 18
+1 18
+1 18
1446 1
+1 1
+1 1
+1 1
+1 1
+2 1
+1 1
+1 1
+1 1
+1 1
+1 1
+1 1
1571 2
+1 2
+1 2
+1 2
+1 2
+2 2
+1 2
+1 2
+1 2
+1 2
+1 2
+1 2
1696 1
+1 1
+1 1
+1 1
+1 1
+2 1
+1 1
+1 1
+1 1
+1 1
+1 1
+1 1
1821 3
+1 3
+1 3
+1 3
+1 3
+2 3
+1 3
+1 3
+1 3
+1 3
+1 3
+1 3
+1 3
+4 3
+1 3
+1 3
+6 3
+1 3
+1 6
+4 3
+1 3
+3 3
+1 3
+1 3
+3 3
+1 3
+1 3
+6 3
+1 3
+1 3
+1 3
+1 3
+1 3
+72 1
+1 1
+1 1
+1 1
+1 1
+2 1
+1 1
+1 1
+1 1
+1 1
+1 1
+1 1
+1 1
+4 1
+1 1
+1 1
+6 1
+1 1
+1 2
+4 1
+1 1
+3 1
+1 1
+1 1
+3 1
+1 1
+1 1
+6 1
+1 1
+1 1
+1 1
+1 1
+1 1
+72 20
+1 20
+1 20
+1 20
+1 20
+2 20
+1 20
+1 20
+1 20
+1 20
+1 20
+1 20
2200 13
+2 13
+1 13
+1 13
+1 13
-3 48
+1 48
+1 48
+1 48
+1 147
+5 49
+6 49
+1 49
+8 49
+1 49
-16 147
+6 147
+1 147
+8 147
+1 147

fl=(41)
fn=(136)
60 4
+7 2
-4 22
cfi=(22)
cfn=(104)
calls=2 2189 
* 5240
* 2
+5 4

fn=(134)
161 1
-1 1
+1 1
-1 4
+1 1
-1 2
+1 1
-1 2
+1 1
-1 2
+1 3
-15 1
+15 1
-17 1
+1 1
+1 1
+6 4
+26 1
-26 1
+26 7
-34 1
+2 1
+33 2
-33 1
-2 1
+2 2
-2 1
+1 1
+1 1
+6 3
+26 1
-26 1
+26 5
+4 1
+21 1
+1 1
-22 2
+19 1
-12 1
+15 1
-16 2
+13 1
317 9
217 1
-4 1
-4 1
+8 4
-4 3
-4 3
+8 3
+12 8
+2 2
+11 2
-5 2
-6 4
+5 2
+2 4
+1 4
+3 14
+50 6
+1 3
-51 192
+1 96
+6 10
cfi=(27)
cfn=(74)
calls=2 24 
* 70
* 4
+5 10
-3 2
+3 2
cfi=(32)
cfn=(96)
calls=2 -91 
* 5398
+2 6
+15 2
+2 4
+5 2
+6 2
+2 2
-8 4
+3 2
+1 2
+1 2
+1 2
+4 12
+7 138
459 12
+2 6
+2 6
cfi=(17)
cfn=(40)
calls=2 94 
* 58
* 2
+2 2
-2 2
+2 2
+4 8
-1 2
+1 2
cfi=(18)
cfn=(46)
calls=2 61 
* 41
+1 10
cfi=(18)
cfn=(46)
calls=2 61 
* 41
+4 2
-1 2
+5 22
+7 6
+1 1
+3 5
+10 4
cfi=(17)
cfn=(40)
calls=1 94 
* 29
* 1
+3 1
-3 1
+3 1
+5 6
+1 1
-1 3
+1 2
+8 2
+4 3
-4 1
-6 3
-2 3
+8 6
+4 9
-4 3
-6 9
+13 3
+51 3
+2 3
+42 1
-4 1
+5 2
-1 4
+1 2
cfi=(26)
cfn=(72)
calls=1 53 
* 15
* 1
-2 9
+7 1
-1 1
+1 1
-1 2
+7 1
-7 1
+7 2
-13 2
+7 2
-1 2
+1 2
-1 4
+7 2
-7 2
+7 6
+2 8
+1 4
-1 4
+1 3
+2 9
+1 6
+28 18
cfi=(26)
cfn=(72)
calls=2 53 
* 37
* 10
-6 3
-28 6
+31 10
-6 2
+16 2
+2 1
+1 1
-1 1
+2 3
+7 3
+3 3
+3 8
481 9
-1 4
+1 9
202 2
+27 8
-19 4
+8 25
+2 2
+2 8
+2 30
338 6
611 8
cfi=(18)
cfn=(46)
calls=1 61 
* 28
+2 1
-38 1
+38 1
209 2

fl=(36)
fn=(120)
34 3
-1 3
+1 3
+1 18
+4 3

fl=(6)
fn=(174) do_lookup_x
355 623
+1 89
-1 445
+48 89
-30 89
-11 89
+41 89
+7 178
-7 178
-30 356
+37 356
-44 178
+3 178
-3 374
+3 374
+4 552
+4 552
+4 552
+6 828
+8 276
-4 276
+1 276
+3 552
+1 828
+3 276
+1 552
+2 552
+8 276
-8 276
+8 2760
-99 192
553 1404
+1 58
cfi=(34)
cfn=(106)
calls=29 288 
* 2751
* 87
+3 576
+3 5
+1 712
-92 168
+50 624
+4 36
+12 168
+1 84
+1 168
413 528
+2 176
+2 1144
+13 261
-10 855
+2 168
+1 420
-1 84
+1 588
-1 84
+1 252
cfn=(176) check_match
calls=84 92 
* 7542
+4 252
+34 8
+94 28
439 756

fn=(10)
956 12
+4 4
+4 8
+2 4
-1 4
+3 12
+1 4
+1 4
+3 4
-3 4
+7 4
-4 4
-1 4
+3 4
+2 4
-7 4
+7 4
+1 4

fn=(176)
92 672
+3 588
+12 504
+3 408
cfi=(19)
cfn=(54)
calls=18 +34 
* 697
* 36
+5 84
-1 84
+1 84
+2 164
+19 164
+1 656
+46 84
-7 84
+7 420
-18 4
+2 2
+1 8
-1 10
-29 246
cfi=(19)
cfn=(54)
calls=82 +6 
* 2297
* 246

fn=(172)
806 979
568 89
806 356
568 445
+1 89
-1 89
+1 267
-1 267
+1 1112
-1 1112
+1 3336
-1 3514
808 89
+4 89
+4 89
-8 89
+1 178
+7 253
+7 89
-2 89
+2 89
-2 89
+6 89
-7 89
+7 178
-7 534
+15 5
-8 25
+2 1246
cfn=(174)
calls=89 355 
* 33248
+3 267
+26 178
+22 84
+1 588
+31 84
+9 420
+14 252
+3 336
+5 84
+2 712
-85 35
+16 5
+1 10
+59 2

fl=(75) /build/glibc-Cl5G7W/glibc-2.23/elf/dl-open.c
fn=(306) _dl_find_dso_for_object
182 5
+1 4
+1 12
+1 2
+3 2
+4 1
-9 6

fl=(24)
fn=(112)
84 8
+1 2

fn=(110)
84 28
+1 3
+1 20

fn=(68)
84 12
+2 15

fn=(132)
84 12
+1 3

fl=(21) /build/glibc-Cl5G7W/glibc-2.23/posix/../sysdeps/unix/syscall-template.S
fn=(62) uname
84 4
+1 1

fl=(9)
fn=(60)
45 7
+2 3
+85 8
-45 3
cfi=(21)
cfn=(62)
calls=1 -3 
* 5
* 1
+15 1
-15 1
+20 1
-1 1
+3 12
+4 3
-2 6
+2 9
+7 3
-1 3
+4 3
-2 3
+2 10
+5 2

fl=(12) /build/glibc-Cl5G7W/glibc-2.23/elf/../misc/sbrk.c
fn=(24) sbrk
34 4
+8 6
+4 2
+16 5

fl=(13)
fn=(28)
30 3
+3 10
+13 20
-13 60
+2 44
+1 18
+5 2
-3 2
+3 2
+2 2
-12 1
+19 1

fl=(30)
fn=(148)
49 1
+3 4
+48 1
+4 2

fn=(202)
450 2
-1 7
+5 1
+6 3
-6 1
+6 1
-4 1
+16 1
-15 3
+20 6
+6 16
+3 1
+1 2
+6 3
+3 1
-2 2
+2 4
+1 1
+3 1
-1 3
+4 2
+1 4
+2 2
+9 6
cfi=(25)
cfn=(70)
calls=1 61 
* 23
* 4
cfi=(26)
cfn=(72)
calls=1 53 
* 30
* 2
-38 3
+52 2
+2 1
+1 8

fn=(164)
354 3
+2 1
+11 3
cfi=(17)
cfn=(44)
calls=1 52 
* 76
* 1
+1 2
+7 2
+4 1
-57 1
+57 296
-58 2
+1 2
cfi=(17)
cfn=(36)
calls=1 103 
* 38
* 1
+1 2
+3 1
+6 2
+64 5

fn=(162)
138 7
+6 3
+3 2
+36 3
+2 10
+3 1
-1 1
+5 2
-5 3
+3 3
+2 5
+16 3
+2 2
-2 2
+2 2
+10 1
-37 2
+25 1
-25 4
+40 4
+1 1
+51 1
+1 8

fn=(88)
115 2
+1 2

fn=(200)
890 3
+9 1
-9 1
+6 2
+8 5
+41 1
+1 3
+1 4

fl=(54)
fn=(214) call_init.part.0
28 20
+8 4
+3 4
-3 8
+3 12
+5 21
+5 4
+9 12
cob=(3)
cfi=(56)
cfn=(228)
calls=1 -6 
* 176
cob=(2)
cfi=(16)
cfn=(216)
calls=1 -58 
* 6
* 2
+4 4
+6 2
+2 4
-2 4
+3 10
+1 8
cob=(3)
cfi=(62)
cfn=(240)
calls=1 482 
* 1161
cob=(4)
cfi=(55)
cfn=(220)
calls=1 -72 
* 17
* 4
cob=(3)
cfi=(64)
cfn=(248)
calls=1 -39 
* 4
* 3
-1 6
+3 24
-29 3
-5 3

fn=(212)
80 11
+1 1
+1 1
+3 3
+8 2
+1 2
+25 15
+1 12
-90 20
cfn=(214)
calls=3 -2 
* 1450
* 3
+96 8
-96 2
+58 2
+16 1
cfn=(214)
calls=1 -76 
* 76
* 1

fl=(67) /build/glibc-Cl5G7W/glibc-2.23/elf/../elf/dl-runtime.c
fn=(262) _dl_fixup
66 16
+5 16
-5 8
+3 16
+3 8
-1 16
-3 8
+5 48
+1 8
-1 8
+1 16
+5 16
+4 16
+4 24
+4 8
+1 40
+2 32
+7 16
-1 8
+1 8
+10 72
cfi=(6)
cfn=(172)
calls=8 806 
* 6297
* 8
+4 40
+10 48
+16 8
-8 8
+8 24
+4 24
fi=(5)
+90 8
fe=(67)
-86 24

fl=(42)
fn=(140)
34 4
-1 4
+1 4
+1 24
+4 1
-4 12

fl=(7)
fn=(204)
256 1

fn=(12)
86 8
+25 1
-1 1
+1 75
+6 1
-3 1
+1 1
-4 1
+3 1
+3 4
+1 2
-1 25
+1 105
-1 102
+62 1
+1 1
-1 1
+1 1
-29 1
+1 2
+11 1
+1 1
-1 1
+1 1
-7 1
+1 1
-1 1
+1 1
-4 1
+1 2
-25 1
+1 2
-4 1
+1 2
-7 1
+1 1
+2 1
+1 1
fi=(9)
-90 2
cfi=(10) /build/glibc-Cl5G7W/glibc-2.23/elf/../sysdeps/unix/sysv/linux/x86_64/brk.c
cfn=(18) brk
calls=1 -4 
* 11
fi=(5)
223 5
fi=(8) /build/glibc-Cl5G7W/glibc-2.23/elf/../sysdeps/x86/cpu-features.c
61 2
+3 1
-3 1
+3 9
175 3
+1 1
+3 2
+1 1
+2 2
+1 7
+7 3
+4 2
+2 4
+51 2
fe=(7)
-16 1
fi=(8)
+27 1
+1 1
+1 1
fe=(7)
-29 1
+1 1
cfi=(11)
cfn=(22)
calls=1 66 
* 32
* 1
+2 2
cfi=(12)
cfn=(24)
calls=1 34 
* 17
* 3
+12 3
+3 5
cfi=(2)
cfn=(26)
calls=1 790 
* 87049
+1 1
+1 8
fi=(8)
-4 2
+1 2
+4 2
-52 2
+1 1
+6 3
+2 1
+3 3
+16 2
+1 1
+2 2
29 2
+4 1
-4 1
+5 1
-1 1
+2 1
-1 1
+1 1
-2 1
+1 1
+1 1
+1 1
-7 2
+3 1
+4 1
+5 1
+32 2
-32 1
+27 1
+5 1
+3 1
+1 8
+57 2
-66 2
+44 2
248 2
+3 2
fe=(7)

fl=(29)
fn=(90)
74 2

fn=(86)
50 8
+5 6
+5 2
-1 1
+1 2
+1 2
-1 1
+4 1
-13 4
+4 8
+4 1
-1 1
-58 4

fl=(94)
fn=(400)
130 8
+17 1
+3 15
+3 2
cfi=(2)
cfn=(50)
calls=1 704 
* 2
+2 1
+3 2
+2 6
+8 1
-3 1
+3 8
+7 8
+2 8
+2 4
+1 4
+5 4
-6 4
-6 4
+8 4
-8 9
+14 9
+1 2
+4 1
31 1
+2 1
192 1
33 1
+6 1
-1 1
+2 1
-2 2
+1 8
+1 1
cfi=(26)
cfn=(72)
calls=1 +13 
* 15
* 1
+77 15
+3 16
cfi=(26)
cfn=(72)
calls=2 -67 
* 37
* 6
-76 9
+1 9
+4 12
+6 6
+1 6
+2 15
+1 7
+2 9
+1 6
201 3
cfi=(2)
cfn=(52)
calls=1 710 
* 2
+5 3
81 4
208 1
+2 3
-2 3
+2 9
+3 8
+3 12
+4 4
+9 2
+3 2
-3 2
+3 4
+2 8
+1 4
cob=(4)
cfi=(55)
cfn=(414)
calls=1 0 
* 78
cob=(5)
cfi=(65)
cfn=(402)
calls=1 0 
* 16
-1 8
+5 4
+1 6
cob=(2)
cfi=(16)
cfn=(434)
calls=1 0 
* 3
cob=(2)
cfi=(16)
cfn=(412)
calls=1 0 
* 3
+6 24
+16 8
-56 11
+11 6
92 9
+21 3
-57 8
268 4
+2 1
-2 2
+6 2
+7 8

fl=(44)
fn=(158) match_symbol
76 33
+9 3
-8 3
-1 6
+1 3
+8 3
+6 9
+15 3
+1 6
+2 3
+5 6
+14 20
+12 21
+4 7
-30 14
+19 15
cfi=(19)
cfn=(54)
calls=3 +11 
* 115
* 6
+35 24

fn=(156) _dl_check_map_versions
189 12
-15 36
+17 4
+3 12
-3 4
+2 4
+1 4
+2 4
-3 4
+3 4
+3 4
+4 2
-4 2
+4 8
+17 2
56 4
220 2
56 10
+1 5
-1 10
+2 21
cfi=(34)
cfn=(106)
calls=7 288 
* 757
* 16
228 6
+5 16
+19 1
-15 42
cfn=(158)
calls=1 76 
* 118
* 8
cfn=(158)
calls=2 76 
* 182
* 3
+7 18
+3 9
+9 12
+14 4
+3 8
+10 28
-7 112
+3 84
-3 8
+3 6
+8 9
+87 8
-81 12
cfi=(17)
cfn=(36)
calls=3 103 
* 114
* 3
+1 3
-2 3
+2 3
+11 3
+2 3
-5 3
+3 3
+2 3
-2 3
+2 3
+3 8
+4 6
+18 1
-15 3
+2 3
-2 6
+2 6
+2 3
+1 3
-1 6
+1 3
-1 3
+1 3
+1 3
-2 3
+2 6
+1 9
+3 9
+8 6
+10 9
+3 8
+20 28
-14 60
-2 28
+7 56
+1 28
-1 84
+1 28
-1 28
+1 28
+1 28
+3 90
+10 27
183 2
-8 2
+95 4
-80 2

fn=(154)
380 5
+4 7
+2 28
cfn=(156)
calls=4 189 
* 2402
-2 4
+2 12
-1 4
-1 8
+5 7

fl=(10)
fn=(18)
31 7
+8 1
-6 2
+7 1

fl=(66)
fn=(260)
64 1
+3 1
+2 1
+2 1
+3 1
+1 1
+1 1
+1 1
+1 1
+1 1
+1 1
+1 1
+1 1
+1 1
+1 1
+1 1
+1 1
+1 1
+1 1
+5 1
+1 1
+1 1
+1 1
+14 1
+1 1
+1 1
cfi=(67)
cfn=(262)
calls=1 -46 
* 948
+1 1
+5 1
+1 1
+1 1
+1 1
+13 1
+1 1
+1 1
+1 1
+1 1
+1 1
+1 1
+1 1
+1 1
+1 1
+1 1
+1 1
+1 1
+1 1
+1 1
+2 1
+2 1
+4 1
+3 1
cob=(3)
cfi=(68)
cfn=(266)
calls=1 -25 
* 158955

fn=(261)
64 7
+3 7
+2 7
+2 7
+3 7
+1 7
+1 7
+1 7
+1 7
+1 7
+1 7
+1 7
+1 7
+1 7
+1 7
+1 7
+1 7
+1 7
+1 7
+5 7
+1 7
+1 7
+1 7
+14 7
+1 7
+1 7
cfi=(67)
cfn=(262)
calls=7 -46 
* 5949
+1 7
+5 7
+1 7
+1 7
+1 7
+13 7
+1 7
+1 7
+1 7
+1 7
+1 7
+1 7
+1 7
+1 7
+1 7
+1 7
+1 7
+1 7
+1 7
+1 7
+2 7
+2 7
+4 7
+3 7
cob=(3)
cfi=(71)
cfn=(378)
calls=1 2934 
* 161
cob=(3)
cfi=(71)
cfn=(372)
calls=1 2902 
* 186
cob=(3)
cfi=(88)
cfn=(362)
calls=1 32 
* 32
cob=(3)
cfi=(69)
cfn=(268)
calls=1 57 
* 66
cfi=(75)
cfn=(306)
calls=1 +23 
* 32
cob=(3)
cfi=(71)
cfn=(292)
calls=1 3172 
* 59182
cob=(3)
cfi=(70)
cfn=(284)
calls=1 -58 
* 60050

fl=(34)
fn=(106)
288 215
+1 86
cfi=(19)
cfn=(54)
calls=43 144 
* 1524
* 43
+1 43
-1 43
+3 43
+2 86
+4 44
-4 88
+1 141
cfi=(19)
cfn=(54)
calls=47 144 
* 1744
* 94
-5 3
+11 55
-1 40
+1 160

fn=(144) _dl_sysdep_read_whole_file
45 2
+7 1
-7 3
+7 1
-7 3
+7 1
cfi=(24)
cfn=(110)
calls=1 +32 
* 5
+1 2
+2 5
cfi=(36)
cfn=(120)
calls=1 -21 
* 10
* 2
+2 1
+3 1
-3 1
+3 1
+13 2
cfi=(24)
cfn=(132)
calls=1 +11 
* 5
+3 7
-14 6
cfi=(37)
cfn=(122)
calls=1 -29 
* 33
* 2

fl=(27)
fn=(74)
24 7
+1 7
+1 7
+1 7
+1 7
+1 7
+1 7
+1 7
+1 7
+1 7
+1 7
+1 7
+1 7
+1 7
+1 7
+1 7
+1 7
+1 5
+4 5
+1 5
+1 5
+1 5
+2 5
+4 2
+1 2
+1 2
+1 2
+1 2
+1 2
+1 2
+1 2
+1 2
+1 2
+1 2
+1 2
+1 2
+1 2
+1 2
+1 2
+1 2
+1 2
+1 2
+1 2
+1 2
+1 2
+1 2
+1 2
+52 2
+4 2
+1 2
+1 2
+1 2
+2 2

fl=(39)
fn=(208) munmap
84 4
+1 1

fn=(126)
84 24
+1 6

fl=(43)
fn=(142)
185 9
+8 2
+3 3
+51 2
+9 1
+6 2
-6 4
+6 1
cfi=(24)
cfn=(68)
calls=1 84 
* 9
+19 1
-19 1
+19 76
cfn=(146) _dl_cache_libcmp
calls=5 138 
* 386
* 26
-15 4
+15 14
cfn=(146)
calls=1 138 
* 71
* 7
-82 4
cfi=(34)
cfn=(144)
calls=1 45 
* 94
+8 1
-8 1
+8 4
+1 4
cfi=(14)
cfn=(30)
calls=1 24 
* 38
* 2
+7 1
-3 1
+3 3
+3 1
+1 2
-1 1
+1 1
+1 4
cfi=(14)
cfn=(30)
calls=1 24 
* 32
* 2
+61 17
cfn=(146)
calls=1 138 
* 144
* 25
+16 2
+4 2
+8 3
cfi=(11)
cfn=(22)
calls=1 66 
* 34
* 2
+1 1
-1 4
+1 2
cfi=(18)
cfn=(46)
calls=1 61 
* 64
+1 2
cfi=(28)
cfn=(80)
calls=1 40 
* 109
+1 8
-31 9

fn=(146)
138 21
+1 18
+2 80
+2 40
-2 40
+2 4
+6 2
+2 2
-1 2
-1 2
+1 2
+1 8
+2 10
+2 4
+6 76
+2 142
+4 33
+1 33
-29 66
+32 6
-7 10

fn=(206)
322 4
-1 1
+3 2
cfi=(39)
cfn=(208)
calls=1 84 
* 5
+1 1
+2 2

totals: 249850
